Date,Open,High,Low,Close,Volume,Dividends,Stock Splits
2023-08-16 00:00:00-04:00,177.1300048828125,178.5399932861328,176.5,176.57000732421875,46964900,0.0,0.0
2023-08-17 00:00:00-04:00,177.13999938964844,177.50999450683594,173.47999572753906,174.0,66062900,0.0,0.0
2023-08-18 00:00:00-04:00,172.3000030517578,175.10000610351562,171.9600067138672,174.49000549316406,61114200,0.0,0.0
2023-08-21 00:00:00-04:00,175.07000732421875,176.1300048828125,173.74000549316406,175.83999633789062,46311900,0.0,0.0
2023-08-22 00:00:00-04:00,177.05999755859375,177.67999267578125,176.25,177.22999572753906,42084200,0.0,0.0
2023-08-23 00:00:00-04:00,178.52000427246094,181.5500030517578,178.3300018310547,181.1199951171875,52722800,0.0,0.0
2023-08-24 00:00:00-04:00,180.6699981689453,181.10000610351562,176.00999450683594,176.3800048828125,54945800,0.0,0.0
2023-08-25 00:00:00-04:00,177.3800048828125,179.14999389648438,175.82000732421875,178.61000061035156,51449600,0.0,0.0
2023-08-28 00:00:00-04:00,180.08999633789062,180.58999633789062,178.5500030517578,180.19000244140625,43820700,0.0,0.0
2023-08-29 00:00:00-04:00,179.6999969482422,184.89999389648438,179.5,184.1199951171875,53003900,0.0,0.0
2023-08-30 00:00:00-04:00,184.94000244140625,187.85000610351562,184.74000549316406,187.64999389648438,60813900,0.0,0.0
2023-08-31 00:00:00-04:00,187.83999633789062,189.1199951171875,187.47999572753906,187.8699951171875,60794500,0.0,0.0
2023-09-01 00:00:00-04:00,189.49000549316406,189.9199981689453,188.27999877929688,189.4600067138672,45732600,0.0,0.0
2023-09-05 00:00:00-04:00,188.27999877929688,189.97999572753906,187.61000061035156,189.6999969482422,45280000,0.0,0.0
2023-09-06 00:00:00-04:00,188.39999389648438,188.85000610351562,181.47000122070312,182.91000366210938,81755800,0.0,0.0
2023-09-07 00:00:00-04:00,175.17999267578125,178.2100067138672,173.5399932861328,177.55999755859375,112488800,0.0,0.0
2023-09-08 00:00:00-04:00,178.35000610351562,180.24000549316406,177.7899932861328,178.17999267578125,65551300,0.0,0.0
2023-09-11 00:00:00-04:00,180.07000732421875,180.3000030517578,177.33999633789062,179.36000061035156,58953100,0.0,0.0
2023-09-12 00:00:00-04:00,179.49000549316406,180.1300048828125,174.82000732421875,176.3000030517578,90370200,0.0,0.0
2023-09-13 00:00:00-04:00,176.50999450683594,177.3000030517578,173.97999572753906,174.2100067138672,84267900,0.0,0.0
2023-09-14 00:00:00-04:00,174.0,176.10000610351562,173.5800018310547,175.74000549316406,60895800,0.0,0.0
2023-09-15 00:00:00-04:00,176.47999572753906,176.5,173.82000732421875,175.00999450683594,109205100,0.0,0.0
